{
 "cells": [
  {
   "cell_type": "code",
   "execution_count": 292,
   "id": "6c3674d8",
   "metadata": {},
   "outputs": [],
   "source": [
    "import pandas as pd\n",
    "import os\n",
    "import matplotlib.pyplot as plt\n",
    "import seaborn as sns\n",
    "import numpy as np\n",
    "\n",
    "# Sklearn functions and models\n",
    "from sklearn.model_selection import train_test_split\n",
    "from sklearn.feature_selection import mutual_info_classif\n",
    "from sklearn.linear_model import LogisticRegression\n",
    "from sklearn.metrics import accuracy_score\n",
    "from sklearn.model_selection import KFold\n",
    "from sklearn.model_selection import cross_val_score\n",
    "from sklearn.metrics import confusion_matrix"
   ]
  },
  {
   "cell_type": "code",
   "execution_count": 276,
   "id": "3484c93c",
   "metadata": {},
   "outputs": [],
   "source": [
    "data = pd.read_csv('./data_processed/data_dummy_variable_etnicity_country_gender.csv')\n",
    "data.drop(columns = ['Unnamed: 0', 'id_number'], axis = 1, inplace = True)\n",
    "#I fixed this bug in the notebook before\n",
    "#data.drop(columns = ['gender', 'country', 'etnicity', 'Unnamed: 0', 'id_number'], axis = 1, inplace = True)"
   ]
  },
  {
   "cell_type": "code",
   "execution_count": 277,
   "id": "e04cb07c",
   "metadata": {
    "scrolled": true
   },
   "outputs": [
    {
     "data": {
      "text/html": [
       "<div>\n",
       "<style scoped>\n",
       "    .dataframe tbody tr th:only-of-type {\n",
       "        vertical-align: middle;\n",
       "    }\n",
       "\n",
       "    .dataframe tbody tr th {\n",
       "        vertical-align: top;\n",
       "    }\n",
       "\n",
       "    .dataframe thead th {\n",
       "        text-align: right;\n",
       "    }\n",
       "</style>\n",
       "<table border=\"1\" class=\"dataframe\">\n",
       "  <thead>\n",
       "    <tr style=\"text-align: right;\">\n",
       "      <th></th>\n",
       "      <th>age</th>\n",
       "      <th>education</th>\n",
       "      <th>n_score</th>\n",
       "      <th>e_score</th>\n",
       "      <th>o_score</th>\n",
       "      <th>a_score</th>\n",
       "      <th>c_score</th>\n",
       "      <th>impulsiveness</th>\n",
       "      <th>ss</th>\n",
       "      <th>asian</th>\n",
       "      <th>...</th>\n",
       "      <th>ecstasy</th>\n",
       "      <th>heroine</th>\n",
       "      <th>ketamine</th>\n",
       "      <th>legal_h</th>\n",
       "      <th>lsd</th>\n",
       "      <th>meth</th>\n",
       "      <th>mushrooms</th>\n",
       "      <th>nicotine</th>\n",
       "      <th>semer</th>\n",
       "      <th>vsa</th>\n",
       "    </tr>\n",
       "  </thead>\n",
       "  <tbody>\n",
       "    <tr>\n",
       "      <th>0</th>\n",
       "      <td>0.49788</td>\n",
       "      <td>-0.05921</td>\n",
       "      <td>0.31287</td>\n",
       "      <td>-0.57545</td>\n",
       "      <td>-0.58331</td>\n",
       "      <td>-0.91699</td>\n",
       "      <td>-0.00665</td>\n",
       "      <td>-0.21712</td>\n",
       "      <td>-1.18084</td>\n",
       "      <td>0</td>\n",
       "      <td>...</td>\n",
       "      <td>0</td>\n",
       "      <td>0</td>\n",
       "      <td>0</td>\n",
       "      <td>0</td>\n",
       "      <td>0</td>\n",
       "      <td>0</td>\n",
       "      <td>0</td>\n",
       "      <td>2</td>\n",
       "      <td>0</td>\n",
       "      <td>0</td>\n",
       "    </tr>\n",
       "    <tr>\n",
       "      <th>1</th>\n",
       "      <td>-0.07854</td>\n",
       "      <td>1.98437</td>\n",
       "      <td>-0.67825</td>\n",
       "      <td>1.93886</td>\n",
       "      <td>1.43533</td>\n",
       "      <td>0.76096</td>\n",
       "      <td>-0.14277</td>\n",
       "      <td>-0.71126</td>\n",
       "      <td>-0.21575</td>\n",
       "      <td>0</td>\n",
       "      <td>...</td>\n",
       "      <td>4</td>\n",
       "      <td>0</td>\n",
       "      <td>2</td>\n",
       "      <td>0</td>\n",
       "      <td>2</td>\n",
       "      <td>3</td>\n",
       "      <td>0</td>\n",
       "      <td>4</td>\n",
       "      <td>0</td>\n",
       "      <td>0</td>\n",
       "    </tr>\n",
       "    <tr>\n",
       "      <th>2</th>\n",
       "      <td>0.49788</td>\n",
       "      <td>-0.05921</td>\n",
       "      <td>-0.46725</td>\n",
       "      <td>0.80523</td>\n",
       "      <td>-0.84732</td>\n",
       "      <td>-1.62090</td>\n",
       "      <td>-1.01450</td>\n",
       "      <td>-1.37983</td>\n",
       "      <td>0.40148</td>\n",
       "      <td>0</td>\n",
       "      <td>...</td>\n",
       "      <td>0</td>\n",
       "      <td>0</td>\n",
       "      <td>0</td>\n",
       "      <td>0</td>\n",
       "      <td>0</td>\n",
       "      <td>0</td>\n",
       "      <td>1</td>\n",
       "      <td>0</td>\n",
       "      <td>0</td>\n",
       "      <td>0</td>\n",
       "    </tr>\n",
       "    <tr>\n",
       "      <th>3</th>\n",
       "      <td>-0.95197</td>\n",
       "      <td>1.16365</td>\n",
       "      <td>-0.14882</td>\n",
       "      <td>-0.80615</td>\n",
       "      <td>-0.01928</td>\n",
       "      <td>0.59042</td>\n",
       "      <td>0.58489</td>\n",
       "      <td>-1.37983</td>\n",
       "      <td>-1.18084</td>\n",
       "      <td>0</td>\n",
       "      <td>...</td>\n",
       "      <td>0</td>\n",
       "      <td>0</td>\n",
       "      <td>2</td>\n",
       "      <td>0</td>\n",
       "      <td>0</td>\n",
       "      <td>0</td>\n",
       "      <td>0</td>\n",
       "      <td>2</td>\n",
       "      <td>0</td>\n",
       "      <td>0</td>\n",
       "    </tr>\n",
       "    <tr>\n",
       "      <th>4</th>\n",
       "      <td>0.49788</td>\n",
       "      <td>1.98437</td>\n",
       "      <td>0.73545</td>\n",
       "      <td>-1.63340</td>\n",
       "      <td>-0.45174</td>\n",
       "      <td>-0.30172</td>\n",
       "      <td>1.30612</td>\n",
       "      <td>-0.21712</td>\n",
       "      <td>-0.21575</td>\n",
       "      <td>0</td>\n",
       "      <td>...</td>\n",
       "      <td>1</td>\n",
       "      <td>0</td>\n",
       "      <td>0</td>\n",
       "      <td>1</td>\n",
       "      <td>0</td>\n",
       "      <td>0</td>\n",
       "      <td>2</td>\n",
       "      <td>2</td>\n",
       "      <td>0</td>\n",
       "      <td>0</td>\n",
       "    </tr>\n",
       "    <tr>\n",
       "      <th>...</th>\n",
       "      <td>...</td>\n",
       "      <td>...</td>\n",
       "      <td>...</td>\n",
       "      <td>...</td>\n",
       "      <td>...</td>\n",
       "      <td>...</td>\n",
       "      <td>...</td>\n",
       "      <td>...</td>\n",
       "      <td>...</td>\n",
       "      <td>...</td>\n",
       "      <td>...</td>\n",
       "      <td>...</td>\n",
       "      <td>...</td>\n",
       "      <td>...</td>\n",
       "      <td>...</td>\n",
       "      <td>...</td>\n",
       "      <td>...</td>\n",
       "      <td>...</td>\n",
       "      <td>...</td>\n",
       "      <td>...</td>\n",
       "      <td>...</td>\n",
       "    </tr>\n",
       "    <tr>\n",
       "      <th>1880</th>\n",
       "      <td>-0.95197</td>\n",
       "      <td>-0.61113</td>\n",
       "      <td>-1.19430</td>\n",
       "      <td>1.74091</td>\n",
       "      <td>1.88511</td>\n",
       "      <td>0.76096</td>\n",
       "      <td>-1.13788</td>\n",
       "      <td>0.88113</td>\n",
       "      <td>1.92173</td>\n",
       "      <td>0</td>\n",
       "      <td>...</td>\n",
       "      <td>0</td>\n",
       "      <td>0</td>\n",
       "      <td>0</td>\n",
       "      <td>3</td>\n",
       "      <td>3</td>\n",
       "      <td>0</td>\n",
       "      <td>0</td>\n",
       "      <td>0</td>\n",
       "      <td>0</td>\n",
       "      <td>5</td>\n",
       "    </tr>\n",
       "    <tr>\n",
       "      <th>1881</th>\n",
       "      <td>-0.95197</td>\n",
       "      <td>-0.61113</td>\n",
       "      <td>-0.24649</td>\n",
       "      <td>1.74091</td>\n",
       "      <td>0.58331</td>\n",
       "      <td>0.76096</td>\n",
       "      <td>-1.51840</td>\n",
       "      <td>0.88113</td>\n",
       "      <td>0.76540</td>\n",
       "      <td>0</td>\n",
       "      <td>...</td>\n",
       "      <td>2</td>\n",
       "      <td>0</td>\n",
       "      <td>0</td>\n",
       "      <td>3</td>\n",
       "      <td>5</td>\n",
       "      <td>4</td>\n",
       "      <td>4</td>\n",
       "      <td>5</td>\n",
       "      <td>0</td>\n",
       "      <td>0</td>\n",
       "    </tr>\n",
       "    <tr>\n",
       "      <th>1882</th>\n",
       "      <td>-0.07854</td>\n",
       "      <td>0.45468</td>\n",
       "      <td>1.13281</td>\n",
       "      <td>-1.37639</td>\n",
       "      <td>-1.27553</td>\n",
       "      <td>-1.77200</td>\n",
       "      <td>-1.38502</td>\n",
       "      <td>0.52975</td>\n",
       "      <td>-0.52593</td>\n",
       "      <td>0</td>\n",
       "      <td>...</td>\n",
       "      <td>4</td>\n",
       "      <td>0</td>\n",
       "      <td>2</td>\n",
       "      <td>0</td>\n",
       "      <td>2</td>\n",
       "      <td>0</td>\n",
       "      <td>2</td>\n",
       "      <td>6</td>\n",
       "      <td>0</td>\n",
       "      <td>0</td>\n",
       "    </tr>\n",
       "    <tr>\n",
       "      <th>1883</th>\n",
       "      <td>-0.95197</td>\n",
       "      <td>-0.61113</td>\n",
       "      <td>0.91093</td>\n",
       "      <td>-1.92173</td>\n",
       "      <td>0.29338</td>\n",
       "      <td>-1.62090</td>\n",
       "      <td>-2.57309</td>\n",
       "      <td>1.29221</td>\n",
       "      <td>1.22470</td>\n",
       "      <td>0</td>\n",
       "      <td>...</td>\n",
       "      <td>3</td>\n",
       "      <td>0</td>\n",
       "      <td>0</td>\n",
       "      <td>3</td>\n",
       "      <td>3</td>\n",
       "      <td>0</td>\n",
       "      <td>3</td>\n",
       "      <td>4</td>\n",
       "      <td>0</td>\n",
       "      <td>0</td>\n",
       "    </tr>\n",
       "    <tr>\n",
       "      <th>1884</th>\n",
       "      <td>-0.95197</td>\n",
       "      <td>-0.61113</td>\n",
       "      <td>-0.46725</td>\n",
       "      <td>2.12700</td>\n",
       "      <td>1.65653</td>\n",
       "      <td>1.11406</td>\n",
       "      <td>0.41594</td>\n",
       "      <td>0.88113</td>\n",
       "      <td>1.22470</td>\n",
       "      <td>0</td>\n",
       "      <td>...</td>\n",
       "      <td>3</td>\n",
       "      <td>0</td>\n",
       "      <td>0</td>\n",
       "      <td>3</td>\n",
       "      <td>3</td>\n",
       "      <td>0</td>\n",
       "      <td>3</td>\n",
       "      <td>6</td>\n",
       "      <td>0</td>\n",
       "      <td>2</td>\n",
       "    </tr>\n",
       "  </tbody>\n",
       "</table>\n",
       "<p>1885 rows × 43 columns</p>\n",
       "</div>"
      ],
      "text/plain": [
       "          age  education  n_score  e_score  o_score  a_score  c_score  \\\n",
       "0     0.49788   -0.05921  0.31287 -0.57545 -0.58331 -0.91699 -0.00665   \n",
       "1    -0.07854    1.98437 -0.67825  1.93886  1.43533  0.76096 -0.14277   \n",
       "2     0.49788   -0.05921 -0.46725  0.80523 -0.84732 -1.62090 -1.01450   \n",
       "3    -0.95197    1.16365 -0.14882 -0.80615 -0.01928  0.59042  0.58489   \n",
       "4     0.49788    1.98437  0.73545 -1.63340 -0.45174 -0.30172  1.30612   \n",
       "...       ...        ...      ...      ...      ...      ...      ...   \n",
       "1880 -0.95197   -0.61113 -1.19430  1.74091  1.88511  0.76096 -1.13788   \n",
       "1881 -0.95197   -0.61113 -0.24649  1.74091  0.58331  0.76096 -1.51840   \n",
       "1882 -0.07854    0.45468  1.13281 -1.37639 -1.27553 -1.77200 -1.38502   \n",
       "1883 -0.95197   -0.61113  0.91093 -1.92173  0.29338 -1.62090 -2.57309   \n",
       "1884 -0.95197   -0.61113 -0.46725  2.12700  1.65653  1.11406  0.41594   \n",
       "\n",
       "      impulsiveness       ss  asian  ...  ecstasy  heroine  ketamine  legal_h  \\\n",
       "0          -0.21712 -1.18084      0  ...        0        0         0        0   \n",
       "1          -0.71126 -0.21575      0  ...        4        0         2        0   \n",
       "2          -1.37983  0.40148      0  ...        0        0         0        0   \n",
       "3          -1.37983 -1.18084      0  ...        0        0         2        0   \n",
       "4          -0.21712 -0.21575      0  ...        1        0         0        1   \n",
       "...             ...      ...    ...  ...      ...      ...       ...      ...   \n",
       "1880        0.88113  1.92173      0  ...        0        0         0        3   \n",
       "1881        0.88113  0.76540      0  ...        2        0         0        3   \n",
       "1882        0.52975 -0.52593      0  ...        4        0         2        0   \n",
       "1883        1.29221  1.22470      0  ...        3        0         0        3   \n",
       "1884        0.88113  1.22470      0  ...        3        0         0        3   \n",
       "\n",
       "      lsd  meth  mushrooms  nicotine  semer  vsa  \n",
       "0       0     0          0         2      0    0  \n",
       "1       2     3          0         4      0    0  \n",
       "2       0     0          1         0      0    0  \n",
       "3       0     0          0         2      0    0  \n",
       "4       0     0          2         2      0    0  \n",
       "...   ...   ...        ...       ...    ...  ...  \n",
       "1880    3     0          0         0      0    5  \n",
       "1881    5     4          4         5      0    0  \n",
       "1882    2     0          2         6      0    0  \n",
       "1883    3     0          3         4      0    0  \n",
       "1884    3     0          3         6      0    2  \n",
       "\n",
       "[1885 rows x 43 columns]"
      ]
     },
     "execution_count": 277,
     "metadata": {},
     "output_type": "execute_result"
    }
   ],
   "source": [
    "# rearrange column (drugs at the end)\n",
    "cols = list(data.columns.values)\n",
    "substancies = ['alcohol','anphet', 'amyl', 'benzo', 'caffeine', 'cannabis', \n",
    "              'chocolate', 'cocaine', 'crack', 'ecstasy', 'heroine', 'ketamine', \n",
    "              'legal_h', 'lsd', 'meth', 'mushrooms', 'nicotine', 'semer', 'vsa']\n",
    "\n",
    "for drug in substancies:\n",
    "    cols.remove(drug)\n",
    "data = data[cols + substancies]\n",
    "data\n"
   ]
  },
  {
   "cell_type": "code",
   "execution_count": 179,
   "id": "171d6935",
   "metadata": {},
   "outputs": [
    {
     "data": {
      "text/html": [
       "<div>\n",
       "<style scoped>\n",
       "    .dataframe tbody tr th:only-of-type {\n",
       "        vertical-align: middle;\n",
       "    }\n",
       "\n",
       "    .dataframe tbody tr th {\n",
       "        vertical-align: top;\n",
       "    }\n",
       "\n",
       "    .dataframe thead th {\n",
       "        text-align: right;\n",
       "    }\n",
       "</style>\n",
       "<table border=\"1\" class=\"dataframe\">\n",
       "  <thead>\n",
       "    <tr style=\"text-align: right;\">\n",
       "      <th></th>\n",
       "      <th>alcohol</th>\n",
       "      <th>anphet</th>\n",
       "      <th>amyl</th>\n",
       "      <th>benzo</th>\n",
       "      <th>caffeine</th>\n",
       "      <th>cannabis</th>\n",
       "      <th>chocolate</th>\n",
       "      <th>cocaine</th>\n",
       "      <th>crack</th>\n",
       "      <th>ecstasy</th>\n",
       "      <th>heroine</th>\n",
       "      <th>ketamine</th>\n",
       "      <th>legal_h</th>\n",
       "      <th>lsd</th>\n",
       "      <th>meth</th>\n",
       "      <th>mushrooms</th>\n",
       "      <th>nicotine</th>\n",
       "      <th>semer</th>\n",
       "      <th>vsa</th>\n",
       "    </tr>\n",
       "  </thead>\n",
       "  <tbody>\n",
       "    <tr>\n",
       "      <th>alcohol</th>\n",
       "      <td>1.000000</td>\n",
       "      <td>-0.009988</td>\n",
       "      <td>0.086749</td>\n",
       "      <td>-0.010229</td>\n",
       "      <td>0.126937</td>\n",
       "      <td>0.022956</td>\n",
       "      <td>0.045885</td>\n",
       "      <td>0.089585</td>\n",
       "      <td>-0.020121</td>\n",
       "      <td>0.073585</td>\n",
       "      <td>-0.033786</td>\n",
       "      <td>0.065895</td>\n",
       "      <td>0.027828</td>\n",
       "      <td>0.012123</td>\n",
       "      <td>-0.079022</td>\n",
       "      <td>0.027419</td>\n",
       "      <td>0.062264</td>\n",
       "      <td>-0.036110</td>\n",
       "      <td>0.025353</td>\n",
       "    </tr>\n",
       "    <tr>\n",
       "      <th>anphet</th>\n",
       "      <td>-0.009988</td>\n",
       "      <td>1.000000</td>\n",
       "      <td>0.316096</td>\n",
       "      <td>0.500642</td>\n",
       "      <td>0.058039</td>\n",
       "      <td>0.458576</td>\n",
       "      <td>-0.060228</td>\n",
       "      <td>0.530951</td>\n",
       "      <td>0.294352</td>\n",
       "      <td>0.521537</td>\n",
       "      <td>0.360896</td>\n",
       "      <td>0.373587</td>\n",
       "      <td>0.474993</td>\n",
       "      <td>0.419616</td>\n",
       "      <td>0.397671</td>\n",
       "      <td>0.427977</td>\n",
       "      <td>0.352249</td>\n",
       "      <td>0.029641</td>\n",
       "      <td>0.269259</td>\n",
       "    </tr>\n",
       "    <tr>\n",
       "      <th>amyl</th>\n",
       "      <td>0.086749</td>\n",
       "      <td>0.316096</td>\n",
       "      <td>1.000000</td>\n",
       "      <td>0.217358</td>\n",
       "      <td>0.079876</td>\n",
       "      <td>0.220254</td>\n",
       "      <td>0.001838</td>\n",
       "      <td>0.377278</td>\n",
       "      <td>0.142129</td>\n",
       "      <td>0.358947</td>\n",
       "      <td>0.129242</td>\n",
       "      <td>0.343731</td>\n",
       "      <td>0.260235</td>\n",
       "      <td>0.161425</td>\n",
       "      <td>0.057083</td>\n",
       "      <td>0.212167</td>\n",
       "      <td>0.223269</td>\n",
       "      <td>0.006498</td>\n",
       "      <td>0.151936</td>\n",
       "    </tr>\n",
       "    <tr>\n",
       "      <th>benzo</th>\n",
       "      <td>-0.010229</td>\n",
       "      <td>0.500642</td>\n",
       "      <td>0.217358</td>\n",
       "      <td>1.000000</td>\n",
       "      <td>0.055515</td>\n",
       "      <td>0.358553</td>\n",
       "      <td>-0.052064</td>\n",
       "      <td>0.443109</td>\n",
       "      <td>0.347740</td>\n",
       "      <td>0.342400</td>\n",
       "      <td>0.427162</td>\n",
       "      <td>0.297018</td>\n",
       "      <td>0.357506</td>\n",
       "      <td>0.302735</td>\n",
       "      <td>0.519292</td>\n",
       "      <td>0.344434</td>\n",
       "      <td>0.303475</td>\n",
       "      <td>0.026093</td>\n",
       "      <td>0.274071</td>\n",
       "    </tr>\n",
       "    <tr>\n",
       "      <th>caffeine</th>\n",
       "      <td>0.126937</td>\n",
       "      <td>0.058039</td>\n",
       "      <td>0.079876</td>\n",
       "      <td>0.055515</td>\n",
       "      <td>1.000000</td>\n",
       "      <td>0.040527</td>\n",
       "      <td>0.115299</td>\n",
       "      <td>0.076768</td>\n",
       "      <td>0.014551</td>\n",
       "      <td>0.033983</td>\n",
       "      <td>0.014683</td>\n",
       "      <td>0.013997</td>\n",
       "      <td>0.006747</td>\n",
       "      <td>-0.004510</td>\n",
       "      <td>0.023196</td>\n",
       "      <td>0.040013</td>\n",
       "      <td>0.126669</td>\n",
       "      <td>-0.011084</td>\n",
       "      <td>0.057259</td>\n",
       "    </tr>\n",
       "    <tr>\n",
       "      <th>cannabis</th>\n",
       "      <td>0.022956</td>\n",
       "      <td>0.458576</td>\n",
       "      <td>0.220254</td>\n",
       "      <td>0.358553</td>\n",
       "      <td>0.040527</td>\n",
       "      <td>1.000000</td>\n",
       "      <td>-0.064303</td>\n",
       "      <td>0.448776</td>\n",
       "      <td>0.234511</td>\n",
       "      <td>0.552978</td>\n",
       "      <td>0.233546</td>\n",
       "      <td>0.309144</td>\n",
       "      <td>0.554048</td>\n",
       "      <td>0.521048</td>\n",
       "      <td>0.295021</td>\n",
       "      <td>0.579934</td>\n",
       "      <td>0.515145</td>\n",
       "      <td>0.043969</td>\n",
       "      <td>0.271175</td>\n",
       "    </tr>\n",
       "    <tr>\n",
       "      <th>chocolate</th>\n",
       "      <td>0.045885</td>\n",
       "      <td>-0.060228</td>\n",
       "      <td>0.001838</td>\n",
       "      <td>-0.052064</td>\n",
       "      <td>0.115299</td>\n",
       "      <td>-0.064303</td>\n",
       "      <td>1.000000</td>\n",
       "      <td>-0.062289</td>\n",
       "      <td>-0.118066</td>\n",
       "      <td>-0.049131</td>\n",
       "      <td>-0.078250</td>\n",
       "      <td>-0.026126</td>\n",
       "      <td>-0.055693</td>\n",
       "      <td>-0.078222</td>\n",
       "      <td>-0.044426</td>\n",
       "      <td>-0.073984</td>\n",
       "      <td>-0.040433</td>\n",
       "      <td>-0.039510</td>\n",
       "      <td>-0.073982</td>\n",
       "    </tr>\n",
       "    <tr>\n",
       "      <th>cocaine</th>\n",
       "      <td>0.089585</td>\n",
       "      <td>0.530951</td>\n",
       "      <td>0.377278</td>\n",
       "      <td>0.443109</td>\n",
       "      <td>0.076768</td>\n",
       "      <td>0.448776</td>\n",
       "      <td>-0.062289</td>\n",
       "      <td>1.000000</td>\n",
       "      <td>0.390403</td>\n",
       "      <td>0.610783</td>\n",
       "      <td>0.424215</td>\n",
       "      <td>0.441656</td>\n",
       "      <td>0.412975</td>\n",
       "      <td>0.384027</td>\n",
       "      <td>0.343801</td>\n",
       "      <td>0.426584</td>\n",
       "      <td>0.401253</td>\n",
       "      <td>0.046451</td>\n",
       "      <td>0.281865</td>\n",
       "    </tr>\n",
       "    <tr>\n",
       "      <th>crack</th>\n",
       "      <td>-0.020121</td>\n",
       "      <td>0.294352</td>\n",
       "      <td>0.142129</td>\n",
       "      <td>0.347740</td>\n",
       "      <td>0.014551</td>\n",
       "      <td>0.234511</td>\n",
       "      <td>-0.118066</td>\n",
       "      <td>0.390403</td>\n",
       "      <td>1.000000</td>\n",
       "      <td>0.232394</td>\n",
       "      <td>0.527120</td>\n",
       "      <td>0.229557</td>\n",
       "      <td>0.194630</td>\n",
       "      <td>0.230271</td>\n",
       "      <td>0.355952</td>\n",
       "      <td>0.261605</td>\n",
       "      <td>0.241017</td>\n",
       "      <td>0.026438</td>\n",
       "      <td>0.250285</td>\n",
       "    </tr>\n",
       "    <tr>\n",
       "      <th>ecstasy</th>\n",
       "      <td>0.073585</td>\n",
       "      <td>0.521537</td>\n",
       "      <td>0.358947</td>\n",
       "      <td>0.342400</td>\n",
       "      <td>0.033983</td>\n",
       "      <td>0.552978</td>\n",
       "      <td>-0.049131</td>\n",
       "      <td>0.610783</td>\n",
       "      <td>0.232394</td>\n",
       "      <td>1.000000</td>\n",
       "      <td>0.265752</td>\n",
       "      <td>0.508329</td>\n",
       "      <td>0.554134</td>\n",
       "      <td>0.570946</td>\n",
       "      <td>0.259177</td>\n",
       "      <td>0.547536</td>\n",
       "      <td>0.380399</td>\n",
       "      <td>0.039119</td>\n",
       "      <td>0.251542</td>\n",
       "    </tr>\n",
       "    <tr>\n",
       "      <th>heroine</th>\n",
       "      <td>-0.033786</td>\n",
       "      <td>0.360896</td>\n",
       "      <td>0.129242</td>\n",
       "      <td>0.427162</td>\n",
       "      <td>0.014683</td>\n",
       "      <td>0.233546</td>\n",
       "      <td>-0.078250</td>\n",
       "      <td>0.424215</td>\n",
       "      <td>0.527120</td>\n",
       "      <td>0.265752</td>\n",
       "      <td>1.000000</td>\n",
       "      <td>0.249613</td>\n",
       "      <td>0.242205</td>\n",
       "      <td>0.279543</td>\n",
       "      <td>0.478264</td>\n",
       "      <td>0.268299</td>\n",
       "      <td>0.224314</td>\n",
       "      <td>0.016959</td>\n",
       "      <td>0.256073</td>\n",
       "    </tr>\n",
       "    <tr>\n",
       "      <th>ketamine</th>\n",
       "      <td>0.065895</td>\n",
       "      <td>0.373587</td>\n",
       "      <td>0.343731</td>\n",
       "      <td>0.297018</td>\n",
       "      <td>0.013997</td>\n",
       "      <td>0.309144</td>\n",
       "      <td>-0.026126</td>\n",
       "      <td>0.441656</td>\n",
       "      <td>0.229557</td>\n",
       "      <td>0.508329</td>\n",
       "      <td>0.249613</td>\n",
       "      <td>1.000000</td>\n",
       "      <td>0.410852</td>\n",
       "      <td>0.409933</td>\n",
       "      <td>0.186836</td>\n",
       "      <td>0.410059</td>\n",
       "      <td>0.255897</td>\n",
       "      <td>0.059400</td>\n",
       "      <td>0.196172</td>\n",
       "    </tr>\n",
       "    <tr>\n",
       "      <th>legal_h</th>\n",
       "      <td>0.027828</td>\n",
       "      <td>0.474993</td>\n",
       "      <td>0.260235</td>\n",
       "      <td>0.357506</td>\n",
       "      <td>0.006747</td>\n",
       "      <td>0.554048</td>\n",
       "      <td>-0.055693</td>\n",
       "      <td>0.412975</td>\n",
       "      <td>0.194630</td>\n",
       "      <td>0.554134</td>\n",
       "      <td>0.242205</td>\n",
       "      <td>0.410852</td>\n",
       "      <td>1.000000</td>\n",
       "      <td>0.471942</td>\n",
       "      <td>0.324824</td>\n",
       "      <td>0.531819</td>\n",
       "      <td>0.341127</td>\n",
       "      <td>0.015995</td>\n",
       "      <td>0.319639</td>\n",
       "    </tr>\n",
       "    <tr>\n",
       "      <th>lsd</th>\n",
       "      <td>0.012123</td>\n",
       "      <td>0.419616</td>\n",
       "      <td>0.161425</td>\n",
       "      <td>0.302735</td>\n",
       "      <td>-0.004510</td>\n",
       "      <td>0.521048</td>\n",
       "      <td>-0.078222</td>\n",
       "      <td>0.384027</td>\n",
       "      <td>0.230271</td>\n",
       "      <td>0.570946</td>\n",
       "      <td>0.279543</td>\n",
       "      <td>0.409933</td>\n",
       "      <td>0.471942</td>\n",
       "      <td>1.000000</td>\n",
       "      <td>0.266792</td>\n",
       "      <td>0.668627</td>\n",
       "      <td>0.292235</td>\n",
       "      <td>0.071252</td>\n",
       "      <td>0.286189</td>\n",
       "    </tr>\n",
       "    <tr>\n",
       "      <th>meth</th>\n",
       "      <td>-0.079022</td>\n",
       "      <td>0.397671</td>\n",
       "      <td>0.057083</td>\n",
       "      <td>0.519292</td>\n",
       "      <td>0.023196</td>\n",
       "      <td>0.295021</td>\n",
       "      <td>-0.044426</td>\n",
       "      <td>0.343801</td>\n",
       "      <td>0.355952</td>\n",
       "      <td>0.259177</td>\n",
       "      <td>0.478264</td>\n",
       "      <td>0.186836</td>\n",
       "      <td>0.324824</td>\n",
       "      <td>0.266792</td>\n",
       "      <td>1.000000</td>\n",
       "      <td>0.277258</td>\n",
       "      <td>0.220544</td>\n",
       "      <td>-0.003798</td>\n",
       "      <td>0.258825</td>\n",
       "    </tr>\n",
       "    <tr>\n",
       "      <th>mushrooms</th>\n",
       "      <td>0.027419</td>\n",
       "      <td>0.427977</td>\n",
       "      <td>0.212167</td>\n",
       "      <td>0.344434</td>\n",
       "      <td>0.040013</td>\n",
       "      <td>0.579934</td>\n",
       "      <td>-0.073984</td>\n",
       "      <td>0.426584</td>\n",
       "      <td>0.261605</td>\n",
       "      <td>0.547536</td>\n",
       "      <td>0.268299</td>\n",
       "      <td>0.410059</td>\n",
       "      <td>0.531819</td>\n",
       "      <td>0.668627</td>\n",
       "      <td>0.277258</td>\n",
       "      <td>1.000000</td>\n",
       "      <td>0.323034</td>\n",
       "      <td>0.099120</td>\n",
       "      <td>0.245239</td>\n",
       "    </tr>\n",
       "    <tr>\n",
       "      <th>nicotine</th>\n",
       "      <td>0.062264</td>\n",
       "      <td>0.352249</td>\n",
       "      <td>0.223269</td>\n",
       "      <td>0.303475</td>\n",
       "      <td>0.126669</td>\n",
       "      <td>0.515145</td>\n",
       "      <td>-0.040433</td>\n",
       "      <td>0.401253</td>\n",
       "      <td>0.241017</td>\n",
       "      <td>0.380399</td>\n",
       "      <td>0.224314</td>\n",
       "      <td>0.255897</td>\n",
       "      <td>0.341127</td>\n",
       "      <td>0.292235</td>\n",
       "      <td>0.220544</td>\n",
       "      <td>0.323034</td>\n",
       "      <td>1.000000</td>\n",
       "      <td>0.026760</td>\n",
       "      <td>0.255023</td>\n",
       "    </tr>\n",
       "    <tr>\n",
       "      <th>semer</th>\n",
       "      <td>-0.036110</td>\n",
       "      <td>0.029641</td>\n",
       "      <td>0.006498</td>\n",
       "      <td>0.026093</td>\n",
       "      <td>-0.011084</td>\n",
       "      <td>0.043969</td>\n",
       "      <td>-0.039510</td>\n",
       "      <td>0.046451</td>\n",
       "      <td>0.026438</td>\n",
       "      <td>0.039119</td>\n",
       "      <td>0.016959</td>\n",
       "      <td>0.059400</td>\n",
       "      <td>0.015995</td>\n",
       "      <td>0.071252</td>\n",
       "      <td>-0.003798</td>\n",
       "      <td>0.099120</td>\n",
       "      <td>0.026760</td>\n",
       "      <td>1.000000</td>\n",
       "      <td>0.056072</td>\n",
       "    </tr>\n",
       "    <tr>\n",
       "      <th>vsa</th>\n",
       "      <td>0.025353</td>\n",
       "      <td>0.269259</td>\n",
       "      <td>0.151936</td>\n",
       "      <td>0.274071</td>\n",
       "      <td>0.057259</td>\n",
       "      <td>0.271175</td>\n",
       "      <td>-0.073982</td>\n",
       "      <td>0.281865</td>\n",
       "      <td>0.250285</td>\n",
       "      <td>0.251542</td>\n",
       "      <td>0.256073</td>\n",
       "      <td>0.196172</td>\n",
       "      <td>0.319639</td>\n",
       "      <td>0.286189</td>\n",
       "      <td>0.258825</td>\n",
       "      <td>0.245239</td>\n",
       "      <td>0.255023</td>\n",
       "      <td>0.056072</td>\n",
       "      <td>1.000000</td>\n",
       "    </tr>\n",
       "  </tbody>\n",
       "</table>\n",
       "</div>"
      ],
      "text/plain": [
       "            alcohol    anphet      amyl     benzo  caffeine  cannabis  \\\n",
       "alcohol    1.000000 -0.009988  0.086749 -0.010229  0.126937  0.022956   \n",
       "anphet    -0.009988  1.000000  0.316096  0.500642  0.058039  0.458576   \n",
       "amyl       0.086749  0.316096  1.000000  0.217358  0.079876  0.220254   \n",
       "benzo     -0.010229  0.500642  0.217358  1.000000  0.055515  0.358553   \n",
       "caffeine   0.126937  0.058039  0.079876  0.055515  1.000000  0.040527   \n",
       "cannabis   0.022956  0.458576  0.220254  0.358553  0.040527  1.000000   \n",
       "chocolate  0.045885 -0.060228  0.001838 -0.052064  0.115299 -0.064303   \n",
       "cocaine    0.089585  0.530951  0.377278  0.443109  0.076768  0.448776   \n",
       "crack     -0.020121  0.294352  0.142129  0.347740  0.014551  0.234511   \n",
       "ecstasy    0.073585  0.521537  0.358947  0.342400  0.033983  0.552978   \n",
       "heroine   -0.033786  0.360896  0.129242  0.427162  0.014683  0.233546   \n",
       "ketamine   0.065895  0.373587  0.343731  0.297018  0.013997  0.309144   \n",
       "legal_h    0.027828  0.474993  0.260235  0.357506  0.006747  0.554048   \n",
       "lsd        0.012123  0.419616  0.161425  0.302735 -0.004510  0.521048   \n",
       "meth      -0.079022  0.397671  0.057083  0.519292  0.023196  0.295021   \n",
       "mushrooms  0.027419  0.427977  0.212167  0.344434  0.040013  0.579934   \n",
       "nicotine   0.062264  0.352249  0.223269  0.303475  0.126669  0.515145   \n",
       "semer     -0.036110  0.029641  0.006498  0.026093 -0.011084  0.043969   \n",
       "vsa        0.025353  0.269259  0.151936  0.274071  0.057259  0.271175   \n",
       "\n",
       "           chocolate   cocaine     crack   ecstasy   heroine  ketamine  \\\n",
       "alcohol     0.045885  0.089585 -0.020121  0.073585 -0.033786  0.065895   \n",
       "anphet     -0.060228  0.530951  0.294352  0.521537  0.360896  0.373587   \n",
       "amyl        0.001838  0.377278  0.142129  0.358947  0.129242  0.343731   \n",
       "benzo      -0.052064  0.443109  0.347740  0.342400  0.427162  0.297018   \n",
       "caffeine    0.115299  0.076768  0.014551  0.033983  0.014683  0.013997   \n",
       "cannabis   -0.064303  0.448776  0.234511  0.552978  0.233546  0.309144   \n",
       "chocolate   1.000000 -0.062289 -0.118066 -0.049131 -0.078250 -0.026126   \n",
       "cocaine    -0.062289  1.000000  0.390403  0.610783  0.424215  0.441656   \n",
       "crack      -0.118066  0.390403  1.000000  0.232394  0.527120  0.229557   \n",
       "ecstasy    -0.049131  0.610783  0.232394  1.000000  0.265752  0.508329   \n",
       "heroine    -0.078250  0.424215  0.527120  0.265752  1.000000  0.249613   \n",
       "ketamine   -0.026126  0.441656  0.229557  0.508329  0.249613  1.000000   \n",
       "legal_h    -0.055693  0.412975  0.194630  0.554134  0.242205  0.410852   \n",
       "lsd        -0.078222  0.384027  0.230271  0.570946  0.279543  0.409933   \n",
       "meth       -0.044426  0.343801  0.355952  0.259177  0.478264  0.186836   \n",
       "mushrooms  -0.073984  0.426584  0.261605  0.547536  0.268299  0.410059   \n",
       "nicotine   -0.040433  0.401253  0.241017  0.380399  0.224314  0.255897   \n",
       "semer      -0.039510  0.046451  0.026438  0.039119  0.016959  0.059400   \n",
       "vsa        -0.073982  0.281865  0.250285  0.251542  0.256073  0.196172   \n",
       "\n",
       "            legal_h       lsd      meth  mushrooms  nicotine     semer  \\\n",
       "alcohol    0.027828  0.012123 -0.079022   0.027419  0.062264 -0.036110   \n",
       "anphet     0.474993  0.419616  0.397671   0.427977  0.352249  0.029641   \n",
       "amyl       0.260235  0.161425  0.057083   0.212167  0.223269  0.006498   \n",
       "benzo      0.357506  0.302735  0.519292   0.344434  0.303475  0.026093   \n",
       "caffeine   0.006747 -0.004510  0.023196   0.040013  0.126669 -0.011084   \n",
       "cannabis   0.554048  0.521048  0.295021   0.579934  0.515145  0.043969   \n",
       "chocolate -0.055693 -0.078222 -0.044426  -0.073984 -0.040433 -0.039510   \n",
       "cocaine    0.412975  0.384027  0.343801   0.426584  0.401253  0.046451   \n",
       "crack      0.194630  0.230271  0.355952   0.261605  0.241017  0.026438   \n",
       "ecstasy    0.554134  0.570946  0.259177   0.547536  0.380399  0.039119   \n",
       "heroine    0.242205  0.279543  0.478264   0.268299  0.224314  0.016959   \n",
       "ketamine   0.410852  0.409933  0.186836   0.410059  0.255897  0.059400   \n",
       "legal_h    1.000000  0.471942  0.324824   0.531819  0.341127  0.015995   \n",
       "lsd        0.471942  1.000000  0.266792   0.668627  0.292235  0.071252   \n",
       "meth       0.324824  0.266792  1.000000   0.277258  0.220544 -0.003798   \n",
       "mushrooms  0.531819  0.668627  0.277258   1.000000  0.323034  0.099120   \n",
       "nicotine   0.341127  0.292235  0.220544   0.323034  1.000000  0.026760   \n",
       "semer      0.015995  0.071252 -0.003798   0.099120  0.026760  1.000000   \n",
       "vsa        0.319639  0.286189  0.258825   0.245239  0.255023  0.056072   \n",
       "\n",
       "                vsa  \n",
       "alcohol    0.025353  \n",
       "anphet     0.269259  \n",
       "amyl       0.151936  \n",
       "benzo      0.274071  \n",
       "caffeine   0.057259  \n",
       "cannabis   0.271175  \n",
       "chocolate -0.073982  \n",
       "cocaine    0.281865  \n",
       "crack      0.250285  \n",
       "ecstasy    0.251542  \n",
       "heroine    0.256073  \n",
       "ketamine   0.196172  \n",
       "legal_h    0.319639  \n",
       "lsd        0.286189  \n",
       "meth       0.258825  \n",
       "mushrooms  0.245239  \n",
       "nicotine   0.255023  \n",
       "semer      0.056072  \n",
       "vsa        1.000000  "
      ]
     },
     "metadata": {},
     "output_type": "display_data"
    },
    {
     "data": {
      "text/plain": [
       "<seaborn.matrix.ClusterGrid at 0x2a148b69a30>"
      ]
     },
     "execution_count": 179,
     "metadata": {},
     "output_type": "execute_result"
    },
    {
     "data": {
